#R[kpc]	Baryon[km/s]	CDM[km/s]	QUMOND[km/s]	MOG[km/s]
0.000000	0.000000	0.000000	0.000000	0.000000
0.060000	17.388841	18.694500	19.124559	17.465441
0.120000	31.958759	34.327659	34.615627	32.097408
0.180000	46.799874	50.199372	50.126235	46.998107
0.240000	62.213398	66.603121	66.037020	62.467984
0.300000	78.635980	83.961646	82.786660	78.942064
0.360000	92.846960	99.035376	97.294208	93.188038
0.420000	103.882723	110.815464	108.603528	104.310831
0.480000	110.970426	118.577421	116.027151	111.487349
0.540000	117.070354	125.312974	122.440043	117.682101
0.600000	122.434915	131.287668	128.121493	123.147038
0.660000	127.221938	136.664985	133.224270	128.039651
0.720000	131.539547	141.556259	137.856097	132.467777
0.780000	135.466115	146.042081	142.095276	136.509535
0.840000	139.060386	150.182897	146.000645	140.223446
0.900000	142.367518	154.025250	149.617542	143.654471
0.960000	145.423002	157.605787	152.981669	146.837923
1.020000	148.255277	160.953940	156.121687	149.802087
1.080000	150.887554	164.093773	159.061011	152.570032
1.140000	153.339095	167.045294	161.819089	155.160896
1.200000	155.626138	169.825391	164.412324	157.590800
1.260000	157.762568	172.448521	166.854759	159.873529
1.320000	159.760427	174.927225	169.158574	162.021030
1.380000	161.630287	177.272514	171.334467	164.043786
1.440000	163.381534	179.494156	173.391936	165.951102
1.500000	165.022593	181.600907	175.339496	167.751325
1.560000	166.561092	183.600683	177.184854	169.452007
1.620000	168.003994	185.500693	178.935045	171.060048
1.680000	169.357700	187.307546	180.596528	172.581771
1.740000	170.628125	189.027335	182.175274	174.023027
1.800000	171.820763	190.665700	183.676821	175.389242
1.860000	172.940734	192.227882	185.106329	176.685471
1.920000	173.992827	193.718763	186.468612	177.916433
1.980000	174.981522	195.142902	187.768176	179.086543
2.040000	175.911023	196.504560	189.009240	180.199940
2.100000	176.785275	197.807722	190.195760	181.260498
2.160000	177.607979	199.056120	191.331447	182.271853
2.220000	178.382609	200.253244	192.419778	183.237409
2.280000	179.112421	201.402359	193.464010	184.160356
2.340000	179.800466	202.506516	194.467191	185.043673
2.400000	180.449597	203.568562	195.432165	185.890147
2.460000	181.062478	204.591155	196.361586	186.702373
2.520000	181.641595	205.576766	197.257926	187.482768
2.580000	182.189258	206.527694	198.123478	188.233575
2.640000	182.707613	207.446072	198.960369	188.956874
2.700000	183.198648	208.333874	199.770568	189.654587
2.760000	183.664199	209.192927	200.555888	190.328484
2.820000	184.105960	210.024913	201.317999	190.980196
2.880000	184.525482	210.831382	202.058431	191.611215
2.940000	184.924200	211.613758	202.778582	192.222907
3.000000	185.303406	212.373343	203.479725	192.816515
3.060000	185.664290	213.111331	204.163018	193.393170
3.120000	186.007928	213.828807	204.829505	193.953892
3.180000	186.335294	214.526760	205.480131	194.499604
3.240000	186.647266	215.206087	206.115741	195.031133
3.300000	186.944632	215.867600	206.737092	195.549221
3.360000	187.228097	216.512033	207.344858	196.054529
3.420000	187.498290	217.140049	207.939636	196.547640
3.480000	187.755769	217.752240	208.521952	197.029074
3.540000	188.001026	218.349142	209.092267	197.499286
3.600000	188.234494	218.931232	209.650982	197.958672
3.660000	188.456554	219.498939	210.198445	198.407581
3.720000	188.667536	220.052644	210.734956	198.846312
3.780000	188.867726	220.592690	211.260771	199.275123
3.840000	189.057373	221.119381	211.776108	199.694237
3.900000	189.236690	221.632990	212.281149	200.103843
3.960000	189.405858	222.133760	212.776047	200.504099
4.020000	189.565034	222.621908	213.260931	200.895143
4.080000	189.714348	223.097633	213.735904	201.277086
4.140000	189.853914	223.561109	214.201051	201.650026
4.200000	189.983825	224.012500	214.656441	202.014042
4.260000	190.104165	224.451953	215.102129	202.369202
4.320000	190.215001	224.879602	215.538160	202.715563
4.380000	190.316395	225.295576	215.964567	203.053175
4.440000	190.408400	225.699993	216.381382	203.382081
4.500000	190.491063	226.092967	216.788629	203.702321
4.560000	190.564430	226.474608	217.186328	204.013932
4.620000	190.628543	226.845021	217.574500	204.316949
4.680000	190.683444	227.204311	217.953166	204.611409
4.740000	190.729174	227.552582	218.322345	204.897347
4.800000	190.765778	227.889938	218.682062	205.174802
4.860000	190.793301	228.216482	219.032341	205.443816
4.920000	190.811793	228.532322	219.373212	205.704433
4.980000	190.821305	228.837563	219.704708	205.956703
5.040000	190.821893	229.132317	220.026864	206.200677
5.100000	190.813618	229.416695	220.339724	206.436413
5.160000	190.796545	229.690813	220.643334	206.663974
5.220000	190.770744	229.954790	220.937745	206.883425
5.280000	190.736289	230.208744	221.223014	207.094838
5.340000	190.693260	230.452803	221.499204	207.298291
5.400000	190.641742	230.687091	221.766383	207.493864
5.460000	190.581823	230.911740	222.024621	207.681644
5.520000	190.513598	231.126882	222.273998	207.861721
5.580000	190.437165	231.332654	222.514595	208.034192
5.640000	190.352628	231.529194	222.746500	208.199155
5.700000	190.260093	231.716643	222.969805	208.356714
5.760000	190.159671	231.895144	223.184604	208.506976
5.820000	190.051479	232.064843	223.390997	208.650054
5.880000	189.935634	232.225886	223.589089	208.786060
5.940000	189.812257	232.378423	223.778985	208.915112
6.000000	189.681474	232.522604	223.960796	209.037330
6.060000	189.543413	232.658580	224.134635	209.152837
6.120000	189.398202	232.786505	224.300618	209.261758
6.180000	189.245975	232.906533	224.458863	209.364219
6.240000	189.086866	233.018816	224.609491	209.460348
6.300000	188.921010	233.123510	224.752623	209.550277
6.360000	188.748544	233.220770	224.888384	209.634136
6.420000	188.569608	233.310750	225.016900	209.712056
6.480000	188.384341	233.393606	225.138298	209.784172
6.540000	188.192883	233.469491	225.252704	209.850617
6.600000	187.995375	233.538559	225.360249	209.911524
6.660000	187.791959	233.600965	225.461060	209.967026
6.720000	187.582775	233.656859	225.555268	210.017260
6.780000	187.367965	233.706395	225.643002	210.062356
6.840000	187.147671	233.749722	225.724392	210.102450
6.900000	186.922033	233.786990	225.799568	210.137673
6.960000	186.691191	233.818347	225.868660	210.168157
7.020000	186.455286	233.843939	225.931795	210.194034
7.080000	186.214455	233.863913	225.989104	210.215433
7.140000	185.968838	233.878410	226.040713	210.232485
7.200000	185.718571	233.887574	226.086751	210.245316
7.260000	185.463789	233.891544	226.127342	210.254052
7.320000	185.204628	233.890459	226.162614	210.258820
7.380000	184.941220	233.884455	226.192689	210.259743
7.440000	184.673697	233.873667	226.217692	210.256943
7.500000	184.402191	233.858228	226.237743	210.250540
7.560000	184.126829	233.838268	226.252965	210.240654
7.620000	183.847738	233.813915	226.263475	210.227401
7.680000	183.565045	233.785297	226.269392	210.210896
7.740000	183.278872	233.752538	226.270832	210.191254
7.800000	182.989342	233.715759	226.267911	210.168585
7.860000	182.696575	233.675081	226.260741	210.143000
7.920000	182.400690	233.630622	226.249434	210.114605
7.980000	182.101802	233.582499	226.234100	210.083508
8.040000	181.800026	233.530823	226.214849	210.049811
8.100000	181.495476	233.475707	226.191786	210.013617
8.160000	181.188261	233.417261	226.165018	209.975025
8.220000	180.878490	233.355590	226.134648	209.934133
8.280000	180.566270	233.290801	226.100777	209.891038
8.340000	180.251706	233.222996	226.063506	209.845832
8.400000	179.934900	233.152275	226.022935	209.798607
8.460000	179.615955	233.078738	225.979157	209.749454
8.520000	179.294967	233.002479	225.932271	209.698460
8.580000	178.972034	232.923595	225.882367	209.645711
8.640000	178.647252	232.842177	225.829539	209.591291
8.700000	178.320713	232.758315	225.773875	209.535281
8.760000	177.992508	232.672097	225.715465	209.477762
8.820000	177.662726	232.583609	225.654394	209.418811
8.880000	177.331454	232.492935	225.590747	209.358504
8.940000	176.998774	232.400158	225.524608	209.296915
9.000000	176.664781	232.305357	225.456058	209.234117
9.060000	176.329544	232.208611	225.385177	209.170181
9.120000	175.993147	232.109996	225.312042	209.105173
9.180000	175.655667	232.009586	225.236731	209.039162
9.240000	175.317182	231.907455	225.159318	208.972212
9.300000	174.977764	231.803672	225.079877	208.904387
9.360000	174.637487	231.698307	224.998480	208.835747
9.420000	174.296420	231.591427	224.915196	208.766352
9.480000	173.954633	231.483098	224.830096	208.696261
9.540000	173.612193	231.373383	224.743245	208.625529
9.600000	173.269166	231.262344	224.654710	208.554212
9.660000	172.925614	231.150042	224.564555	208.482362
9.720000	172.581601	231.036536	224.472843	208.410031
9.780000	172.237187	230.921883	224.379634	208.337269
9.840000	171.892432	230.806139	224.284991	208.264124
9.900000	171.547391	230.689357	224.188969	208.190644
9.960000	171.202122	230.571592	224.091628	208.116872
10.020000	170.856679	230.452893	223.993022	208.042855
10.080000	170.511115	230.333312	223.893207	207.968634
10.140000	170.165481	230.212894	223.792236	207.894251
10.200000	169.819827	230.091690	223.690160	207.819744
10.260000	169.474201	229.969743	223.587032	207.745154
10.320000	169.128652	229.847099	223.482898	207.670517
10.380000	168.783225	229.723800	223.377810	207.595868
10.440000	168.437965	229.599888	223.271813	207.521243
10.500000	168.092914	229.475403	223.164954	207.446676
10.560000	167.748115	229.350385	223.057276	207.372198
10.620000	167.403608	229.224873	222.948825	207.297840
10.680000	167.059434	229.098902	222.839643	207.223633
10.740000	166.715629	228.972510	222.729770	207.149605
10.800000	166.372232	228.845730	222.619248	207.075784
10.860000	166.029279	228.718597	222.508116	207.002198
10.920000	165.686803	228.591142	222.396412	206.928870
10.980000	165.344839	228.463399	222.284173	206.855827
11.040000	165.003420	228.335396	222.171436	206.783092
11.100000	164.662576	228.207164	222.058237	206.710687
11.160000	164.322339	228.078732	221.944610	206.638634
11.220000	163.982738	227.950127	221.830587	206.566954
11.280000	163.643802	227.821376	221.716203	206.495668
11.340000	163.305557	227.692504	221.601488	206.424793
11.400000	162.968031	227.563538	221.486474	206.354349
11.460000	162.631249	227.434500	221.371191	206.284353
11.520000	162.295236	227.305415	221.255667	206.214821
11.580000	161.960016	227.176305	221.139932	206.145769
11.640000	161.625612	227.047192	221.024012	206.077212
11.700000	161.292045	226.918096	220.907935	206.009165
11.760000	160.959338	226.789038	220.791726	205.941641
11.820000	160.627510	226.660038	220.675411	205.874653
11.880000	160.296582	226.531115	220.559014	205.808212
11.940000	159.966572	226.402286	220.442560	205.742332
12.000000	159.637498	226.273569	220.326071	205.677022
12.060000	159.309378	226.144980	220.209570	205.612292
12.120000	158.982229	226.016537	220.093078	205.548153
12.180000	158.656066	225.888254	219.976617	205.484614
12.240000	158.330906	225.760147	219.860207	205.421683
12.300000	158.006762	225.632230	219.743867	205.359367
12.360000	157.683648	225.504516	219.627618	205.297675
12.420000	157.361579	225.377020	219.511478	205.236613
12.480000	157.040566	225.249753	219.395464	205.176187
12.540000	156.720623	225.122729	219.279594	205.116403
12.600000	156.401760	224.995958	219.163886	205.057268
12.660000	156.083988	224.869451	219.048355	204.998784
12.720000	155.767319	224.743221	218.933018	204.940958
12.780000	155.451761	224.617276	218.817890	204.883793
12.840000	155.137325	224.491627	218.702985	204.827293
12.900000	154.824019	224.366282	218.588318	204.771460
12.960000	154.511852	224.241252	218.473902	204.716298
13.020000	154.200831	224.116545	218.359752	204.661810
13.080000	153.890964	223.992167	218.245879	204.607996
13.140000	153.582258	223.868129	218.132298	204.554860
13.200000	153.274719	223.744436	218.019018	204.502401
13.260000	152.968354	223.621096	217.906052	204.450622
13.320000	152.663168	223.498115	217.793412	204.399523
13.380000	152.359166	223.375500	217.681107	204.349104
13.440000	152.056353	223.253256	217.569149	204.299366
13.500000	151.754734	223.131390	217.457547	204.250307
13.560000	151.454313	223.009907	217.346310	204.201929
13.620000	151.155093	222.888811	217.235449	204.154230
13.680000	150.857078	222.768107	217.124971	204.107208
13.740000	150.560271	222.647801	217.014886	204.060864
13.800000	150.264674	222.527895	216.905201	204.015194
13.860000	149.970290	222.408394	216.795925	203.970199
13.920000	149.677121	222.289302	216.687064	203.925875
13.980000	149.385169	222.170622	216.578627	203.882220
14.040000	149.094434	222.052356	216.470619	203.839233
14.100000	148.804919	221.934509	216.363048	203.796910
14.160000	148.516623	221.817082	216.255920	203.755249
14.220000	148.229548	221.700079	216.149240	203.714247
14.280000	147.943695	221.583501	216.043016	203.673901
14.340000	147.659062	221.467351	215.937250	203.634208
14.400000	147.375650	221.351629	215.831950	203.595164
14.460000	147.093458	221.236339	215.727121	203.556765
14.520000	146.812486	221.121482	215.622766	203.519008
14.580000	146.532733	221.007058	215.518890	203.481890
14.640000	146.254198	220.893069	215.415498	203.445406
14.700000	145.976879	220.779517	215.312593	203.409551
14.760000	145.700775	220.666401	215.210179	203.374323
14.820000	145.425885	220.553722	215.108260	203.339716
14.880000	145.152206	220.441482	215.006839	203.305726
14.940000	144.879736	220.329680	214.905919	203.272348
15.000000	144.608474	220.218316	214.805503	203.239579
15.060000	144.338417	220.107391	214.705594	203.207412
15.120000	144.069561	219.996905	214.606193	203.175844
15.180000	143.801905	219.886857	214.507305	203.144869
15.240000	143.535446	219.777248	214.408931	203.114483
15.300000	143.270180	219.668076	214.311072	203.084680
15.360000	143.006105	219.559342	214.213731	203.055455
15.420000	142.743217	219.451045	214.116909	203.026804
15.480000	142.481513	219.343184	214.020609	202.998720
15.540000	142.220988	219.235758	213.924830	202.971199
15.600000	141.961640	219.128767	213.829575	202.944235
15.660000	141.703465	219.022210	213.734845	202.917823
15.720000	141.446459	218.916085	213.640640	202.891958
15.780000	141.190617	218.810392	213.546961	202.866633
15.840000	140.935937	218.705128	213.453809	202.841844
15.900000	140.682412	218.600294	213.361185	202.817585
15.960000	140.430040	218.495888	213.269088	202.793850
16.020000	140.178815	218.391908	213.177520	202.770634
16.080000	139.928734	218.288352	213.086479	202.747931
16.140000	139.679792	218.185220	212.995968	202.725736
16.200000	139.431983	218.082510	212.905984	202.704042
16.260000	139.185305	217.980220	212.816529	202.682844
16.320000	138.939750	217.878347	212.727602	202.662137
16.380000	138.695316	217.776892	212.639202	202.641915
16.440000	138.451996	217.675852	212.551330	202.622171
16.500000	138.209787	217.575224	212.463984	202.602901
16.560000	137.968682	217.475008	212.377165	202.584098
16.620000	137.728677	217.375201	212.290870	202.565758
16.680000	137.489766	217.275802	212.205101	202.547873
16.740000	137.251946	217.176807	212.119854	202.530439
16.800000	137.015209	217.078216	212.035131	202.513450
16.860000	136.779551	216.980027	211.950930	202.496899
16.920000	136.544967	216.882236	211.867249	202.480782
16.980000	136.311452	216.784843	211.784087	202.465092
17.040000	136.078999	216.687845	211.701444	202.449825
17.100000	135.847604	216.591240	211.619318	202.434973
17.160000	135.617261	216.495025	211.537708	202.420532
17.220000	135.387965	216.399199	211.456612	202.406497
17.280000	135.159710	216.303759	211.376029	202.392860
17.340000	134.932490	216.208703	211.295957	202.379618
17.400000	134.706301	216.114030	211.216395	202.366763
17.460000	134.481136	216.019736	211.137342	202.354292
17.520000	134.256990	215.925819	211.058794	202.342197
17.580000	134.033857	215.832278	210.980752	202.330474
17.640000	133.811732	215.739109	210.903212	202.319118
17.700000	133.590609	215.646311	210.826174	202.308122
17.760000	133.370483	215.553881	210.749636	202.297481
17.820000	133.151347	215.461817	210.673595	202.287191
17.880000	132.933197	215.370117	210.598050	202.277244
17.940000	132.716026	215.278778	210.522998	202.267637
18.000000	132.499830	215.187799	210.448439	202.258364
18.060000	132.284601	215.097176	210.374370	202.249420
18.120000	132.070335	215.006907	210.300788	202.240799
18.180000	131.857026	214.916991	210.227692	202.232496
18.240000	131.644669	214.827425	210.155080	202.224506
18.300000	131.433257	214.738206	210.082950	202.216824
18.360000	131.222785	214.649333	210.011300	202.209445
18.420000	131.013248	214.560802	209.940126	202.202363
18.480000	130.804639	214.472613	209.869429	202.195575
18.540000	130.596953	214.384761	209.799204	202.189073
18.600000	130.390184	214.297246	209.729450	202.182855
18.660000	130.184329	214.210065	209.660166	202.176914
18.720000	129.979381	214.123215	209.591347	202.171247
18.780000	129.775332	214.036695	209.522994	202.165847
18.840000	129.572179	213.950502	209.455102	202.160711
18.900000	129.369915	213.864634	209.387670	202.155833
18.960000	129.168536	213.779088	209.320695	202.151209
19.020000	128.968035	213.693863	209.254177	202.146834
19.080000	128.768407	213.608956	209.188111	202.142703
19.140000	128.569648	213.524365	209.122496	202.138812
19.200000	128.371750	213.440089	209.057329	202.135157
19.260000	128.174709	213.356123	208.992608	202.131732
19.320000	127.978520	213.272468	208.928332	202.128533
19.380000	127.783176	213.189120	208.864497	202.125557
19.440000	127.588673	213.106078	208.801101	202.122797
19.500000	127.395006	213.023338	208.738143	202.120251
19.560000	127.202168	212.940900	208.675619	202.117913
19.620000	127.010155	212.858761	208.613527	202.115780
19.680000	126.818962	212.776918	208.551866	202.113847
19.740000	126.628582	212.695371	208.490632	202.112110
19.800000	126.439011	212.614117	208.429825	202.110564
19.860000	126.250244	212.533154	208.369440	202.109207
19.920000	126.062276	212.452479	208.309477	202.108033
19.980000	125.875100	212.372091	208.249932	202.107038
20.040000	125.688713	212.291989	208.190803	202.106219
20.100000	125.503109	212.212169	208.132089	202.105572
20.160000	125.318283	212.132631	208.073787	202.105092
20.220000	125.134229	212.053371	208.015894	202.104776
20.280000	124.950944	211.974389	207.958409	202.104621
20.340000	124.768421	211.895682	207.901329	202.104621
20.400000	124.586657	211.817249	207.844652	202.104774
20.460000	124.405645	211.739087	207.788376	202.105075
20.520000	124.225382	211.661195	207.732498	202.105522
20.580000	124.045861	211.583571	207.677017	202.106109
20.640000	123.867079	211.506214	207.621930	202.106835
20.700000	123.689031	211.429120	207.567235	202.107695
20.760000	123.511711	211.352290	207.512929	202.108686
20.820000	123.335115	211.275720	207.459012	202.109804
20.880000	123.159239	211.199410	207.405480	202.111046
20.940000	122.984076	211.123357	207.352332	202.112408
21.000000	122.809624	211.047560	207.299564	202.113887
21.060000	122.635877	210.972017	207.247176	202.115480
21.120000	122.462831	210.896727	207.195165	202.117184
21.180000	122.290480	210.821687	207.143530	202.118995
21.240000	122.118821	210.746897	207.092267	202.120910
21.300000	121.947849	210.672354	207.041375	202.122925
21.360000	121.777560	210.598058	206.990853	202.125039
21.420000	121.607948	210.524006	206.940697	202.127247
21.480000	121.439010	210.450197	206.890906	202.129546
21.540000	121.270741	210.376629	206.841479	202.131935
21.600000	121.103137	210.303302	206.792412	202.134408
21.660000	120.936193	210.230212	206.743705	202.136965
21.720000	120.769906	210.157360	206.695354	202.139601
21.780000	120.604270	210.084744	206.647359	202.142314
21.840000	120.439282	210.012362	206.599718	202.145101
21.900000	120.274938	209.940212	206.552428	202.147959
21.960000	120.111232	209.868293	206.505487	202.150886
22.020000	119.948162	209.796605	206.458895	202.153878
22.080000	119.785723	209.725145	206.412648	202.156933
22.140000	119.623911	209.653913	206.366746	202.160049
22.200000	119.462721	209.582906	206.321186	202.163222
22.260000	119.302151	209.512124	206.275967	202.166451
22.320000	119.142195	209.441565	206.231086	202.169732
22.380000	118.982850	209.371228	206.186543	202.173063
22.440000	118.824112	209.301113	206.142335	202.176442
22.500000	118.665977	209.231216	206.098461	202.179865
22.560000	118.508441	209.161538	206.054919	202.183332
22.620000	118.351501	209.092077	206.011708	202.186838
22.680000	118.195152	209.022832	205.968825	202.190382
22.740000	118.039390	208.953802	205.926270	202.193963
22.800000	117.884213	208.884985	205.884040	202.197576
22.860000	117.729616	208.816381	205.842134	202.201220
22.920000	117.575595	208.747988	205.800551	202.204892
22.980000	117.422148	208.679806	205.759288	202.208592
23.040000	117.269269	208.611832	205.718345	202.212315
23.100000	117.116956	208.544067	205.677720	202.216061
23.160000	116.965206	208.476508	205.637411	202.219827
23.220000	116.814013	208.409156	205.597417	202.223610
23.280000	116.663376	208.342009	205.557737	202.227409
23.340000	116.513290	208.275066	205.518368	202.231223
23.400000	116.363753	208.208325	205.479311	202.235048
23.460000	116.214760	208.141787	205.440562	202.238883
23.520000	116.066308	208.075449	205.402122	202.242726
23.580000	115.918394	208.009312	205.363988	202.246575
23.640000	115.771015	207.943374	205.326159	202.250427
23.700000	115.624166	207.877634	205.288634	202.254282
23.760000	115.477846	207.812091	205.251412	202.258138
23.820000	115.332050	207.746745	205.214491	202.261992
23.880000	115.186776	207.681595	205.177871	202.265842
23.940000	115.042020	207.616639	205.141549	202.269688
24.000000	114.897779	207.551877	205.105524	202.273527
24.060000	114.754049	207.487308	205.069797	202.277357
24.120000	114.610829	207.422931	205.034364	202.281177
24.180000	114.468114	207.358747	204.999226	202.284986
24.240000	114.325901	207.294752	204.964381	202.288779
24.300000	114.184189	207.230947	204.929828	202.292558
24.360000	114.042972	207.167332	204.895565	202.296318
24.420000	113.902249	207.103904	204.861592	202.300065
24.480000	113.762017	207.040665	204.827908	202.303794
24.540000	113.622272	206.977612	204.794511	202.307498
24.600000	113.483012	206.914746	204.761401	202.311179
24.660000	113.344234	206.852065	204.728577	202.314836
24.720000	113.205934	206.789569	204.696037	202.318467
24.780000	113.068111	206.727257	204.663781	202.322070
24.840000	112.930761	206.665129	204.631807	202.325646
24.900000	112.793881	206.603184	204.600116	202.329191
24.960000	112.657469	206.541421	204.568705	202.332705
25.020000	112.521522	206.479839	204.537574	202.336187
25.080000	112.386037	206.418439	204.506722	202.339634
25.140000	112.251012	206.357219	204.476148	202.343046
25.200000	112.116444	206.296179	204.445853	202.346422
25.260000	111.982330	206.235319	204.415833	202.349760
25.320000	111.848667	206.174637	204.386090	202.353059
25.380000	111.715453	206.114133	204.356621	202.356317
25.440000	111.582686	206.053807	204.327426	202.359534
25.500000	111.450363	205.993659	204.298506	202.362709
25.560000	111.318481	205.933687	204.269858	202.365839
25.620000	111.187037	205.873891	204.241482	202.368925
25.680000	111.056030	205.814271	204.213377	202.371965
25.740000	110.925457	205.754826	204.185543	202.374958
25.800000	110.795316	205.695555	204.157980	202.377902
25.860000	110.665603	205.636460	204.130685	202.380797
25.920000	110.536317	205.577538	204.103660	202.383642
25.980000	110.407455	205.518790	204.076903	202.386435
26.040000	110.279015	205.460214	204.050413	202.389176
26.100000	110.150995	205.401811	204.024191	202.391864
26.160000	110.023391	205.343581	203.998234	202.394497
26.220000	109.896203	205.285522	203.972545	202.397075
26.280000	109.769428	205.227635	203.947120	202.399597
26.340000	109.643062	205.169919	203.921961	202.402062
26.400000	109.517105	205.112374	203.897066	202.404468
26.460000	109.391554	205.054999	203.872435	202.406816
26.520000	109.266407	204.997793	203.848068	202.409104
26.580000	109.141661	204.940759	203.823965	202.411331
26.640000	109.017315	204.883893	203.800123	202.413496
26.700000	108.893366	204.827196	203.776545	202.415599
26.760000	108.769812	204.770669	203.753228	202.417639
26.820000	108.646652	204.714310	203.730173	202.419615
26.880000	108.523882	204.658119	203.707379	202.421526
26.940000	108.401502	204.602096	203.684847	202.423372
27.000000	108.279509	204.546241	203.662575	202.425151
27.060000	108.157900	204.490553	203.640564	202.426864
27.120000	108.036675	204.435033	203.618813	202.428508
27.180000	107.915830	204.379679	203.597321	202.430084
27.240000	107.795365	204.324493	203.576090	202.431591
27.300000	107.675276	204.269473	203.555117	202.433029
27.360000	107.555563	204.214619	203.534404	202.434395
27.420000	107.436223	204.159932	203.513951	202.435691
27.480000	107.317255	204.105411	203.493756	202.436914
27.540000	107.198656	204.051055	203.473820	202.438066
27.600000	107.080425	203.996865	203.454142	202.439144
27.660000	106.962559	203.942841	203.434722	202.440149
27.720000	106.845058	203.888982	203.415562	202.441079
27.780000	106.727919	203.835288	203.396659	202.441934
27.840000	106.611140	203.781759	203.378015	202.442714
27.900000	106.494720	203.728395	203.359629	202.443419
27.960000	106.378657	203.675196	203.341500	202.444046
28.020000	106.262950	203.622162	203.323630	202.444597
28.080000	106.147596	203.569292	203.306018	202.445071
28.140000	106.032593	203.516587	203.288664	202.445466
28.200000	105.917941	203.464046	203.271569	202.445783
28.260000	105.803638	203.411670	203.254731	202.446021
28.320000	105.689681	203.359458	203.238152	202.446179
28.380000	105.576069	203.307410	203.221831	202.446258
28.440000	105.462802	203.255526	203.205768	202.446256
28.500000	105.349876	203.203807	203.189964	202.446173
28.560000	105.237291	203.152251	203.174418	202.446010
28.620000	105.125044	203.100860	203.159132	202.445764
28.680000	105.013135	203.049632	203.144104	202.445437
28.740000	104.901562	202.998568	203.129335	202.445027
28.800000	104.790323	202.947669	203.114826	202.444534
28.860000	104.679417	202.896934	203.100576	202.443959
28.920000	104.568842	202.846362	203.086586	202.443299
28.980000	104.458597	202.795955	203.072856	202.442556
29.040000	104.348681	202.745711	203.059386	202.441729
29.100000	104.239092	202.695632	203.046176	202.440817
29.160000	104.129828	202.645716	203.033228	202.439821
29.220000	104.020888	202.595965	203.020540	202.438739
29.280000	103.912271	202.546378	203.008114	202.437572
29.340000	103.803976	202.496955	202.995950	202.436319
29.400000	103.696000	202.447697	202.984048	202.434980
29.460000	103.588344	202.398603	202.972409	202.433555
29.520000	103.481005	202.349673	202.961032	202.432043
29.580000	103.373981	202.300909	202.949919	202.430445
29.640000	103.267273	202.252308	202.939070	202.428759
29.700000	103.160878	202.203872	202.928485	202.426987
29.760000	103.054796	202.155601	202.918164	202.425126
29.820000	102.949024	202.107495	202.908109	202.423179
29.880000	102.843562	202.059555	202.898320	202.421143
29.940000	102.738409	202.011779	202.888797	202.419019
30.000000	102.633563	201.964169	202.879541	202.416807
30.060000	102.529023	201.916725	202.870552	202.414507
30.120000	102.424789	201.869445	202.861831	202.412117
30.180000	102.320858	201.822333	202.853379	202.409640
30.240000	102.217229	201.775385	202.845196	202.407073
30.300000	102.113903	201.728605	202.837283	202.404417
30.360000	102.010877	201.681990	202.829640	202.401672
30.420000	101.908150	201.635542	202.822269	202.398838
30.480000	101.805721	201.589260	202.815169	202.395915
30.540000	101.703590	201.543146	202.808343	202.392901
30.600000	101.601755	201.497199	202.801789	202.389799
30.660000	101.500215	201.451419	202.795510	202.386606
30.720000	101.398969	201.405807	202.789506	202.383324
30.780000	101.298017	201.360362	202.783778	202.379952
30.840000	101.197356	201.315086	202.778326	202.376490
30.900000	101.096987	201.269978	202.773152	202.372939
30.960000	100.996908	201.225038	202.768257	202.369297
31.020000	100.897118	201.180268	202.763640	202.365565
31.080000	100.797617	201.135666	202.759304	202.361743
31.140000	100.698403	201.091234	202.755250	202.357831
31.200000	100.599476	201.046972	202.751477	202.353829
31.260000	100.500835	201.002880	202.747988	202.349738
31.320000	100.402479	200.958958	202.744783	202.345556
31.380000	100.304406	200.915207	202.741864	202.341284
31.440000	100.206617	200.871626	202.739231	202.336922
31.500000	100.109111	200.828217	202.736886	202.332470
31.560000	100.011886	200.784980	202.734829	202.327928
31.620000	99.914942	200.741914	202.733063	202.323296
31.680000	99.818279	200.699022	202.731588	202.318575
31.740000	99.721895	200.656301	202.730405	202.313764
31.800000	99.625789	200.613754	202.729516	202.308863
31.860000	99.529962	200.571380	202.728922	202.303873
31.920000	99.434413	200.529181	202.728625	202.298793
31.980000	99.339140	200.487155	202.728625	202.293624
32.040000	99.244144	200.445305	202.728925	202.288367
32.100000	99.149423	200.403629	202.729526	202.283019
32.160000	99.054978	200.362129	202.730428	202.277584
32.220000	98.960807	200.320805	202.731635	202.272059
32.280000	98.866910	200.279658	202.733147	202.266446
32.340000	98.773287	200.238688	202.734966	202.260745
32.400000	98.679937	200.197895	202.737094	202.254955
32.460000	98.586859	200.157281	202.739532	202.249078
32.520000	98.494054	200.116845	202.742282	202.243112
32.580000	98.401520	200.076587	202.745347	202.237060
32.640000	98.309259	200.036510	202.748727	202.230920
32.700000	98.217268	199.996613	202.752425	202.224693
32.760000	98.125548	199.956896	202.756443	202.218379
32.820000	98.034099	199.917360	202.760784	202.211979
32.880000	97.942920	199.878007	202.765447	202.205493
32.940000	97.852011	199.838836	202.770437	202.198921
33.000000	97.761372	199.799848	202.775755	202.192264
33.060000	97.671004	199.761044	202.781404	202.185521
33.120000	97.580904	199.722425	202.787386	202.178693
33.180000	97.491075	199.683990	202.793703	202.171781
33.240000	97.401515	199.645742	202.800358	202.164786
33.300000	97.312225	199.607679	202.807353	202.157706
33.360000	97.223204	199.569805	202.814692	202.150544
33.420000	97.134454	199.532118	202.822376	202.143298
33.480000	97.045973	199.494620	202.830409	202.135971
33.540000	96.957762	199.457312	202.838793	202.128561
33.600000	96.869822	199.420194	202.847533	202.121071
33.660000	96.782153	199.383268	202.856629	202.113499
33.720000	96.694754	199.346534	202.866087	202.105848
33.780000	96.607627	199.309992	202.875910	202.098117
33.840000	96.520772	199.273645	202.886099	202.090307
33.900000	96.434190	199.237493	202.896661	202.082419
33.960000	96.347880	199.201537	202.907597	202.074452
34.020000	96.261844	199.165778	202.918913	202.066410
34.080000	96.176083	199.130217	202.930611	202.058290
34.140000	96.090597	199.094855	202.942696	202.050096
34.200000	96.005386	199.059694	202.955173	202.041827
34.260000	95.920454	199.024734	202.968046	202.033483
34.320000	95.835799	198.989976	202.981319	202.025067
34.380000	95.751423	198.955423	202.994997	202.016579
34.440000	95.667328	198.921075	203.009086	202.008020
34.500000	95.583515	198.886933	203.023591	201.999391
34.560000	95.499986	198.853000	203.038517	201.990692
34.620000	95.416742	198.819275	203.053870	201.981926
34.680000	95.333784	198.785762	203.069656	201.973093
34.740000	95.251115	198.752462	203.085881	201.964194
34.800000	95.168737	198.719375	203.102552	201.955232
34.860000	95.086651	198.686505	203.119676	201.946206
34.920000	95.004860	198.653852	203.137259	201.937119
34.980000	94.923368	198.621419	203.155310	201.927972
35.040000	94.842175	198.589208	203.173837	201.918766
35.100000	94.761286	198.557220	203.192847	201.909503
35.160000	94.680702	198.525458	203.212350	201.900186
35.220000	94.600429	198.493924	203.232355	201.890815
35.280000	94.520468	198.462620	203.252873	201.881394
35.340000	94.440825	198.431550	203.273912	201.871923
35.400000	94.361503	198.400715	203.295484	201.862406
35.460000	94.282506	198.370118	203.317602	201.852844
35.520000	94.203840	198.339763	203.340276	201.843240
35.580000	94.125510	198.309651	203.363521	201.833597
35.640000	94.047520	198.279788	203.387351	201.823917
35.700000	93.969878	198.250176	203.411780	201.814204
35.760000	93.892590	198.220819	203.436824	201.804461
35.820000	93.815662	198.191721	203.462500	201.794692
35.880000	93.739102	198.162885	203.488827	201.784899
35.940000	93.662919	198.134318	203.515823	201.775088
36.000000	93.587121	198.106023	203.543511	201.765262
36.060000	93.511719	198.078005	203.571913	201.755426
36.120000	93.436722	198.050271	203.601052	201.745586
36.180000	93.362141	198.022826	203.630957	201.735746
36.240000	93.287991	197.995676	203.661654	201.725913
36.300000	93.214283	197.968829	203.693177	201.716092
36.360000	93.141034	197.942292	203.725557	201.706292
36.420000	93.068259	197.916074	203.758834	201.696519
36.480000	92.995976	197.890184	203.793047	201.686783
36.540000	92.924206	197.864630	203.828241	201.677091
36.600000	92.852970	197.839426	203.864466	201.667456
36.660000	92.782292	197.814580	203.901776	201.657886
36.720000	92.712200	197.790109	203.940232	201.648396
36.780000	92.642724	197.766025	203.979901	201.638999
36.840000	92.573897	197.742346	204.020860	201.629709
36.900000	92.505759	197.719088	204.063192	201.620546
36.960000	92.438349	197.696273	204.106993	201.611527
37.020000	92.371719	197.673923	204.152374	201.602675
37.080000	92.305922	197.652066	204.199457	201.594015
37.140000	92.241021	197.630729	204.248385	201.585575
37.200000	92.177089	197.609947	204.299323	201.577388
37.260000	92.114209	197.589760	204.352460	201.569492
37.320000	92.052479	197.570213	204.408022	201.561932
37.380000	91.992013	197.551359	204.466273	201.554757
37.440000	91.932946	197.533261	204.527526	201.548030
37.500000	91.875440	197.515994	204.592162	201.541823
37.560000	91.819688	197.499647	204.660642	201.536224
37.620000	91.765928	197.484332	204.733534	201.531339
37.680000	91.714450	197.470182	204.811552	201.527300
37.740000	91.665621	197.457368	204.895599	201.524272
37.800000	91.619905	197.446103	204.986849	201.522464
37.860000	91.577901	197.436664	205.086856	201.522146
37.920000	91.540404	197.429420	205.197734	201.523679
37.980000	91.508490	197.424867	205.322449	201.527547
38.040000	91.483661	197.423700	205.465320	201.534430
38.100000	91.468091	197.426924	205.632941	201.545310
38.160000	91.465058	197.436057	205.836403	201.561674
38.220000	91.479790	197.453520	205.893652	201.585889
38.280000	91.521483	197.483642	205.789497	201.622131
