0    5.237864  223.777727  19.061335  0.126156
1    5.796529  233.638824  11.151029  0.121625
2    6.313147  237.275588  15.627986  0.127877
3    6.739193  234.015088  14.160136  0.139146
4    7.273382  235.021091  11.043257  0.121011
5    7.748716  233.538737  11.571232  0.130207
6    8.243067  232.496797  13.647263  0.136525
7    8.714856  227.859516  12.216227  0.118293
8    9.283286  224.810424  11.467116  0.143404
9    9.770899  218.396600  13.551131  0.128242
10  10.244537  219.651703  10.742817  0.162505
11  10.745073  223.134207  12.566996  0.137946
12  11.238061  224.716648  10.180665  0.140789
13  11.774601  224.406227   9.469253  0.111134
14  12.252292  224.706185   7.031587  0.115300
15  12.741395  226.993526  14.582049  0.149008
16  13.254810  227.863350  12.391070  0.144109
17  13.708024  218.975486  14.625808  0.130245
18  14.214573  226.271433   6.409255  0.085284
19  14.693637  223.746700   5.423541  0.085700
20  15.220252  214.491225  11.791053  0.130753
21  15.741872  229.097533  15.001470  0.161923
22  16.217610  224.461025  13.914657  0.104388
23  16.771545  221.517350   8.997350  0.031545
24  17.281370  209.307900   7.102100  0.031370
25  17.792378  229.920125  16.641421  0.032786
26  18.873714  214.930000  17.263445  0.566632
27  22.180000  194.010000  11.466852  1.418635